58908
33584
46424
59780
60888
62403
48813
25903
36096
27940
53304
62061
53960
15553
41601
3190
32659
48229
23002
7576
64617
62101
11021
48856
53510
36448
13782
61319
11069
51411
9582
62723
11355
33574
43361
55848
62756
16416
7514
13709
23695
64882
11304
54170
298
7917
1236
40960
61173
32268
61171
6078
27726
46132
63742
13121
1462
4577
57233
1626
37619
41146
39470
56145
30146
34443
39127
50649
37832
9150
18627
11385
47262
7489
64716
37083
57926
61457
39758
37962
4036
49237
11824
23340
10269
24313
36359
45834
29862
21435
15877
51400
34349
28263
16049
33409
38257
38214
10447
18447
65250
22619
33631
59698
11299
9620
44705
32326
29957
47487
19898
23417
29343
48848
10299
7182
13169
11600
38839
13851
21432
21188
47812
40305
25396
65128
35308
36921
16000
50670
13036
28573
12019
2485
42720
23744
11833
16771
24448
29830
37829
15286
2577
54717
36536
41625
64183
58096
2235
7952
13456
22068
8748
24804
4290
4011
14287
52228
29785
63832
62079
25535
22897
49910
64509
10398
44767
36947
42453
41070
10730
23389
47537
53687
14953
49647
17113
2246
31430
9596
61396
13580
32047
29135
36571
17855
65053
65156
37155
23817
15458
57114
46315
62857
26692
36206
20122
44814
57482
17576
53890
43310
56653
7463
32027
25939
30682
10033
23382
43487
60567
26687
43420
56741
60024
59395
882
41584
41706
29895
16519
61089
42953
42291
943
42404
764
62841
58904
21814
3910
60007
6685
44617
41813
33628
16088
62594
64106
14230
40203
41545
18411
26986
61589
4701
6335
60771
21676
5685
3324
43513
38244
62243
16914
49402
38039
35554
8172
23541
13201
14221
32350
29577
15245
41761
4657
31761
36504
10158
17911
11199
54611
56253
35238
54418
20090
42600
26609
31204
6026
42018
28849
44127
35847
57573
6126
49539
22477
21117
53286
33890
51718
60904
57263
32183
26237
21035
11231
18552
50240
30988
37919
38783
28422
6070
37458
65397
50904
17984
63682
53180
7055
55764
36536
13308
29059
53774
28582
4296
16212
51984
54416
1580
58234
37770
61259
21934
47126
37914
51829
5225
20036
27883
31534
46972
3183
6889
4524
12221
54957
43059
34514
6983
35322
14117
50913
7832
31878
30056
65153
60870
19328
53380
32739
34536
31499
16435
11307
21406
40122
2071
63850
30427
13572
23300
20997
14291
42571
31153
65327
59837
18686
28155
40921
44006
10749
22233
22496
5310
56117
53297
6964
8096
23664
6402
26045
15769
31755
29239
11732
4241
38588
52464
48101
23405
21281
18640
53508
62391
44987
34178
8093
51255
24690
14152
47059
17888
18940
22612
19484
55232
46599
20720
27974
57795
18571
25321
22182
16113
34333
59788
5888
62665
59933
47947
49152
54501
49883
21718
28661
11797
48967
56159
6024
23837
54764
25948
39462
3403
52674
2635
37752
47287
42906
45892
39294
35078
47093
33722
10525
4755
50763
29662
42317
40739
44356
41176
32535
22705
106
13058
247
49976
15571
4935
35551
39762
11301
3986
47056
35300
57792
22132
51739
47241
10645
13494
27468
25036
17679
55312
53153
4435
25892
10657
24035
42360
48823
64643
19217
58221
16726
14833
2148
54118
38039
4267
51570
18799
55367
43257
53903
17402
54082
28221
11325
53478
30330
39565
64306
18216
25068
38029
15290
3196
2513
39970
22304
11778
8153
48036
51369
34399
32979
33095
20928
26244
28447
29661
34949
64896
49029
55009
34058
31305
36269
14456
14063
58958
24708
34976
21038
29436
33485
30672
36358
48655
62006
29849
8000
57787
13470
30772
22199
56832
49436
37122
16800
35004
28225
44165
10577
8650
35254
63600
10238
28899
15542
32784
30181
58127
40324
43302
2598
1823
3483
23909
4927
33286
8198
1085
16393
47042
26698
47104
57981
61815
458
8646
25749
24600
61207
11534
3219
33422
18671
57138
37987
55561
37790
25533
65088
31565
1972
9609
27473
53115
36448
12727
36423
55446
6879
17747
57203
6584
46890
44244
43248
64289
27440
28215
47892
47915
20731
16159
29462
58567
63008
14505
17054
53784
14698
34481
5721
6653
21397
61495
34463
48432
45251
50945
20276
12658
51044
52546
64854
57640
40268
62901
25856
39439
11957
38213
16997
39084
16766
63751
27451
9708
17062
10470
18082
864
55842
33358
35468
30445
47817
24439
52519
39608
32385
2884
38740
32777
54104
12197
52751
44516
59963
57616
27364
60554
39981
36223
14983
10271
36199
54322
19333
25784
16110
38419
43296
20239
23810
6359
12029
21953
7151
39223
42124
30983
25317
7988
51776
6349
14006
21084
45612
5483
63928
45034
12387
5011
60469
10601
43293
50034
63143
25754
14880
45797
22026
42250
40367
40459
49087
43298
3689
60922
3958
20451
30828
21934
29510
52781
60381
22388
18894
12958
19223
11080
53622
23061
49695
40810
16265
44233
39256
24993
36694
45369
16751
53234
7755
59108
5623
17629
5814
25416
50667
31731
29056
20529
51398
31228
31870
59172
60267
36405
61530
39694
11454
57973
41936
21344
42464
25864
21346
29435
39138
599
6574
44413
29074
27876
32478
46992
12760
33163
12847
48731
36294
31462
57523
24567
46439
4898
21860
63130
15248
48659
22941
19143
44098
51134
14214
53707
43481
15527
27344
9796
61894
37521
60676
21429
36596
30982
43619
19805
3224
37502
26770
44821
28467
2031
45597
60924
34386
33618
63049
57741
14172
38933
54652
3444
19352
38178
46198
5302
8440
10565
60688
2081
8536
51776
57281
57482
52689
63408
28295
63892
26380
58978
1443
8074
10023
60939
55812
4811
45355
60388
54636
57705
54363
18319
16021
17502
16955
7732
21848
11542
3116
26910
14570
51870
3110
33514
46685
44906
6852
57091
22690
6660
44735
58636
57018
10203
13854
56090
18887
25218
56225
28789
2172
24829
8600
34148
31068
24705
41684
5504
32373
50854
45235
61242
11530
31394
28379
1871
38744
14335
28750
32688
12106
15257
57886
53589
35839
34793
40167
15846
17076
4009
23255
45836
43788
14955
5036
29762
34869
52636
40417
10985
47458
29208
7006
50658
58712
64327
3116
56324
1079
44191
47455
62903
16629
60906
53670
17412
50852
57861
50796
19742
7654
57086
45006
2362
2574
54810
7621
50667
46219
52802
24930
783
5564
61511
4320
55852
11605
37415
6083
33055
55161
47552
49382
8745
1934
51149
15878
49067
27678
13985
7803
46941
2329
27723
32978
59966
5199
43687
6064
43378
19694
51441
5508
34734
